4294967293,131
4294967293,130
4294967293,129
4294967293,128
4294967293,127
4294967293,126
4294967293,125
4294967293,124
4294967293,123
4294967293,122
4294967293,121
4294967293,120
4294967293,119
4294967293,118
4294967293,117
4294967293,116
4294967293,115
4294967293,114
4294967293,113
4294967293,112
4294967293,111
4294967293,110
4294967293,109
4294967293,108
4294967293,107
4294967293,106
4294967293,105
4294967293,104
4294967293,103
4294967293,102
4294967293,101
4294967293,100
4294967293,99
4294967293,98
4294967293,97
4294967293,96
4294967293,95
4294967293,94
4294967293,93
4294967293,92
4294967293,91
4294967293,90
4294967293,89
4294967293,87
4294967293,86
4294967293,85
4294967293,84
4294967293,83
4294967293,82
4294967293,81
4294967293,80
4294967293,79
4294967293,78
4294967293,77
4294967293,76
4294967293,75
4294967293,74
4294967293,73
4294967293,72
4294967293,71
4294967293,70
4294967293,69
4294967293,68
4294967293,67
4294967293,66
4294967293,65
4294967293,64
4294967293,63
4294967293,62
4294967293,61
4294967293,60
4294967293,59
4294967293,58
4294967293,57
4294967293,56
4294967293,55
4294967293,54
4294967293,53
4294967293,52
4294967293,51
4294967293,50
4294967293,49
4294967293,48
4294967293,47
4294967293,46
4294967293,45
4294967293,44
4294967293,43
4294967293,42
4294967293,41
4294967293,40
4294967293,39
4294967293,38
4294967293,37
4294967293,36
4294967293,35
4294967293,34
4294967293,33
4294967293,32
4294967293,31
4294967293,30
4294967293,29
4294967293,28
4294967293,27
4294967293,26
4294967293,25
4294967293,24
4294967293,23
4294967293,22
4294967293,21
4294967293,20
4294967293,19
4294967293,18
4294967293,17
4294967293,16
4294967293,15
4294967293,14
4294967293,13
4294967293,12
4294967293,11
4294967293,10
4294967293,9
4294967293,8
4294967293,7
4294967293,6
4294967293,5
4294967293,4
4294967293,3
4294967278,131
4294967278,130
4294967278,129
4294967278,125
4294967278,123
4294967278,122
4294967278,120
4294967278,116
4294967278,115
4294967278,407
4294967278,219
4294967278,104
4294967278,95
4294967278,94
4294967278,406
4294967278,89
4294967278,398
4294967278,405
4294967278,82
4294967278,397
4294967278,78
4294967278,73
4294967278,68
4294967278,67
4294967278,395
4294967278,404
4294967278,58
4294967278,48
4294967278,47
4294967278,43
4294967278,42
4294967278,41
4294967278,37
4294967278,0
4294967278,260
4294967278,36
4294967278,33
4294967278,32
4294967278,31
4294967278,29
4294967278,28
4294967278,298
4294967278,27
4294967278,26
4294967278,25
4294967278,24
4294967278,23
4294967278,294
4294967278,22
4294967278,21
4294967278,291
4294967278,17
4294967278,272
4294967278,16
4294967278,12
4294967278,11
4294967278,7
4294967278,6
4294967278,5
4294967278,174
4294967278,88
4294967279,132
4294967279,131
4294967279,130
4294967279,129
4294967279,128
4294967279,127
4294967279,126
4294967279,125
4294967279,124
4294967279,123
4294967279,121
4294967279,120
4294967279,117
4294967279,116
4294967279,343
4294967279,226
4294967279,108
4294967279,220
4294967279,105
4294967279,2
4294967279,214
4294967279,102
4294967279,100
4294967279,95
4294967279,94
4294967279,90
4294967279,89
4294967279,340
4294967279,84
4294967279,83
4294967279,337
4294967279,336
4294967279,335
4294967279,79
4294967279,73
4294967279,72
4294967279,71
4294967279,70
4294967279,69
4294967279,68
4294967279,67
4294967279,66
4294967279,64
4294967279,63
4294967279,62
4294967279,61
4294967279,60
4294967279,59
4294967279,30
4294967279,29
4294967279,28
4294967279,26
4294967279,25
4294967279,23
4294967279,22
4294967279,268
4294967279,21
4294967279,20
4294967279,19
4294967279,266
4294967279,18
4294967279,88
4294967279,174
4294967279,17
4294967279,278
4294967279,16
4294967279,15
4294967279,14
4294967279,276
4294967279,13
4294967279,12
4294967279,11
4294967279,10
4294967279,9
4294967279,8
4294967279,7
4294967279,6
4294967279,5
4294967279,4
4294967294,1562
4294967294,1559
4294967294,1102
4294967294,1431
4294967294,1436
4294967294,212
4294967279,339
4294967279,338
4294967278,403
4294967278,266
4294967278,263
4294967278,279
4294967278,256
4294967278,252
4294967278,249
4294967279,242
4294967278,241
4294967279,240
4294967278,239
4294967278,401
4294967294,1435
4294967294,128
4294967294,152
4294967294,1797
4294967294,1426
4294967294,1798
4294967294,492
4294967294,84
4294967294,935
4294967294,934
4294967294,933
4294967294,151
4294967294,932
4294967294,931
4294967294,930
4294967294,667
4294967294,926
4294967294,924
4294967294,1796
4294967294,923
4294967294,920
4294967294,918
4294967294,912
4294967294,911
4294967294,909
4294967294,907
4294967294,906
4294967294,904
4294967294,902
4294967294,898
4294967294,1613
4294967294,896
4294967294,894
4294967294,892
4294967294,890
4294967294,663
4294967294,886
4294967294,885
4294967294,883
4294967294,879
4294967294,878
4294967294,877
4294967294,875
4294967294,874
4294967294,866
4294967294,865
4294967294,862
4294967294,858
4294967294,857
4294967294,856
4294967294,855
4294967294,853
4294967294,852
4294967294,851
4294967294,844
4294967294,843
4294967294,841
4294967294,840
4294967294,838
4294967294,837
4294967294,835
4294967294,834
4294967294,833
4294967294,831
4294967294,828
4294967294,827
4294967294,826
4294967294,825
4294967294,823
4294967294,822
4294967294,819
4294967294,818
4294967294,817
4294967294,816
4294967294,813
4294967294,812
4294967294,1439
4294967294,808
4294967294,804
4294967294,803
4294967294,801
4294967294,800
4294967294,799
4294967294,798
4294967294,797
4294967294,796
4294967294,795
4294967294,794
4294967294,792
4294967294,791
4294967294,789
4294967294,787
4294967294,786
4294967294,785
4294967294,784
4294967294,657
4294967294,782
4294967294,655
4294967294,777
4294967294,775
4294967294,773
4294967294,771
4294967294,767
4294967294,766
4294967294,764
4294967294,761
4294967294,760
4294967294,759
4294967294,758
4294967294,756
4294967294,754
4294967294,753
4294967294,752
4294967294,745
4294967294,743
4294967294,742
4294967294,648
4294967294,739
4294967294,736
4294967294,1131
4294967294,735
4294967294,733
4294967294,730
4294967294,725
4294967294,1451
4294967294,723
4294967294,722
4294967294,720
4294967294,718
4294967294,717
4294967294,715
4294967294,714
4294967294,712
4294967294,710
4294967294,643
4294967294,707
4294967294,1800
4294967294,706
4294967294,705
4294967294,639
4294967294,638
4294967294,637
4294967294,636
4294967294,633
4294967294,632
4294967294,645
4294967294,631
4294967294,1016
4294967294,628
4294967294,624
4294967294,621
4294967294,620
4294967294,618
4294967294,614
4294967294,1126
4294967294,610
1,0
4294967294,607
4294967294,605
4294967294,575
4294967294,602
4294967294,600
4294967294,597
4294967294,595
4294967294,966
4294967294,591
4294967294,659
4294967294,590
4294967294,587
4294967294,586
4294967294,585
4294967294,514
4294967294,583
4294967294,582
4294967294,581
4294967294,1434
4294967294,580
4294967294,578
4294967294,576
4294967294,566
4294967294,1091
4294967294,564
4294967294,563
4294967294,560
4294967294,559
4294967294,573
4294967294,666
4294967294,552
4294967294,562
4294967294,549
4294967294,654
4294967294,640
4294967294,561
4294967294,547
4294967294,652
4294967294,546
4294967294,543
4294967294,642
4294967294,542
4294967294,541
4294967294,662
4294967294,649
4294967294,641
4294967294,572
4294967294,537
4294967294,650
4294967294,814
4294967294,574
4294967294,70
4294967294,656
4294967294,72
4294967294,811
4294967294,647
4294967294,71
4294967294,1415
4294967294,1792
4294967294,1125
4294967294,1418
4294967294,1129
4294967279,333
4294967278,282
4294967279,274
4294967294,698
4294967294,972
4294967294,1017
4294967294,0
4294967294,1547
4294967294,396
4294967294,1455
4294967294,1420
4294967294,1465
4294967294,1604
4294967294,436
4294967294,1417
4294967294,211
4294967294,426
4294967294,1470
4294967294,522
4294967294,1464
4294967294,502
4294967294,535
4294967294,1456
4294967294,1441
4294967294,454
4294967294,536
4294967294,1468
4294967294,1612
4294967294,444
4294967294,1659
4294967294,388
4294967294,1614
4294967294,1610
4294967294,1607
4294967294,1449
4294967294,1416
4294967294,7
4294967294,6
4294967294,1466
4294967294,1459
4294967294,429
4294967294,1450
4294967294,1444
4294967294,8
4294967294,9
4294967294,52
4294967294,3
4294967294,203
4294967294,202
4294967294,200
4294967294,199
4294967294,370
4294967294,369
4294967294,368
4294967294,367
4294967294,366
4294967294,364
4294967294,365
4294967294,363
4294967294,362
4294967294,361
4294967294,360
4294967294,359
4294967294,358
4294967294,357
4294967294,356
4294967294,355
4294967294,354
4294967279,251
4294967278,394
4294967279,332
4294967278,393
4294967279,331
4294967279,330
4294967279,329
4294967279,328
4294967294,452
4294967294,183
4294967294,414
4294967294,449
4294967294,448
4294967294,453
4294967294,450
4294967294,394
4294967294,384
4294967294,420
4294967294,398
4294967294,985
4294967294,404
4294967294,451
4294967294,391
4294967294,353
4294967294,352
4294967294,351
4294967294,350
4294967294,349
4294967294,347
4294967294,348
4294967294,329
4294967294,328
4294967294,327
4294967294,326
4294967294,325
4294967294,324
4294967294,323
4294967294,322
4294967294,321
4294967294,320
4294967294,346
4294967294,345
4294967294,344
4294967294,343
4294967294,342
4294967294,392
4294967294,410
4294967294,340
4294967294,341
4294967294,339
4294967294,338
4294967294,337
4294967294,336
4294967294,335
4294967294,334
4294967294,94
4294967294,333
4294967294,332
4294967294,331
4294967294,330
4294967294,389
4294967294,31
4294967294,1110
4294967294,1040
4294967294,965
4294967294,1602
4294967294,1106
4294967294,1044
4294967279,571
4294967279,570
4294967279,569
4294967279,568
4294967279,252
4294967279,567
4294967279,566
4294967279,565
4294967278,231
4294967278,229
4294967279,228
4294967278,360
4294967278,356
4294967279,542
4294967278,355
4294967279,541
4294967279,540
4294967279,539
4294967279,537
4294967278,351
4294967279,529
4294967279,528
4294967279,527
4294967279,526
4294967279,524
4294967279,523
4294967279,521
4294967278,334
4294967279,520
